0 -4.440892099e-16
0.02707250679 -6.106226635e-16
0.05414624388 -6.106226635e-16
0.0812224535 -4.996003611e-16
0.1083024019 -7.21644966e-16
0.1353873921 -7.21644966e-16
0.1624787765 -4.440892099e-16
0.1895779718 -4.440892099e-16
0.2166864732 -5.551115123e-16
0.2438058717 -4.440892099e-16
0.2709378726 -4.996003611e-16
0.2980843156 -6.106226635e-16
0.3252471991 -5.551115123e-16
0.3524287071 -4.996003611e-16
0.3796312401 -4.440892099e-16
0.4068574528 -4.440892099e-16
0.4341102971 -4.996003611e-16
0.4613930746 -4.440892099e-16
0.4887094997 -5.551115123e-16
0.5160637769 -6.106226635e-16
0.5434606966 -4.996003611e-16
0.5709057554 -4.996003611e-16
0.5984053087 -6.106226635e-16
0.6259667687 -5.551115123e-16
0.653598865 -4.996003611e-16
0.6813119952 -5.551115123e-16
0.7091187065 -5.551115123e-16
0.7370343788 -4.996003611e-16
0.7650782231 -5.551115123e-16
0.7932748015 -5.551115123e-16
0.8216564602 -7.21644966e-16
0.8502674779 -4.996003611e-16
0.8791717633 -2.220446049e-16
0.9084689436 -4.440892099e-16
0.9383347197 -4.996003611e-16
0.9691620565 -6.661338148e-16
1.003215022 0.0006430044239
1.035303055 0.007060610981
1.065046412 0.0130092824
1.09377939 0.01875587796
1.121833484 0.02436669688
1.149365938 0.02987318769
1.176468506 0.03529370116
1.203201033 0.04064020662
1.229605382 0.04592107631
1.255712255 0.05114245094
1.281544941 0.0563089881
1.307121532 0.06142430643
1.332456326 0.0664912653
1.357560746 0.07151214913
1.382443967 0.07648879335
1.407113363 0.08142267269
1.431574822 0.0863149644
1.45583297 0.09116659402
1.479891343 0.09597826861
1.503752503 0.1007505006
1.527418124 0.1054836247
1.550889043 0.1101778085
1.574165293 0.1148330585
1.59724611 0.1194492219
1.620129917 0.1240259834
1.642814293 0.1285628586
1.665295911 0.1330591823
1.687570455 0.137514091
1.709632501 0.1419265002
1.731475362 0.1462950724
1.753090876 0.1506181752
1.774469127 0.1548938255
1.795598067 0.1591196134
1.816462998 0.1632925995
1.837045848 0.1674091697
1.857324135 0.1714648271
1.877269409 0.1754538817
1.896844834 0.1793689667
1.916001192 0.1832002384
1.934669739 0.1869339478
1.952747976 0.1905495953
1.970066228 0.1940132455
1.986282378 0.1972564755
2 0.2
-8.881784197e-16 0.02579154407
0.02707194932 0.02579212832
0.05414512354 0.02579388673
0.08122075939 0.02579683635
0.1083001175 0.02580100592
0.1353844948 0.02580643633
0.1624752376 0.02581318139
0.1895737553 0.02582130871
0.216681536 0.02583090094
0.2438001623 0.02584205736
0.2709313299 0.02585489577
0.2980768679 0.02586955492
0.3252387627 0.02588619745
0.3524191837 0.02590501361
0.3796205152 0.02592622577
0.4068453921 0.0259500942
0.4340967426 0.02597692421
0.4613778399 0.02600707527
0.4886923637 0.02604097267
0.5160444755 0.02607912264
0.5434389118 0.02612213214
0.5708811005 0.02617073521
0.5983773084 0.02622582867
0.6259348315 0.02628852124
0.6535622434 0.02636020272
0.6812697273 0.02644264385
0.7090695287 0.02653814442
0.7369765883 0.02664976068
0.7650094529 0.02678166812
0.7931916328 0.02693976883
0.8215537063 0.02713276917
0.850136745 0.02737423755
0.8789982073 0.02768692419
0.9082226838 0.02811305048
0.9379418702 0.02874343563
0.9683579587 0.02981994134
0.9995196009 0.03205943383
1.030293727 0.03603639805
1.059928731 0.04081058595
1.088679822 0.04580479626
1.116777169 0.05085772551
1.14435815 0.0559155721
1.1715093 0.06095659186
1.198288983 0.06597089342
1.224738725 0.07095366122
1.250889278 0.07590247327
1.276764106 0.08081610597
1.302381511 0.08569395313
1.327755999 0.09053572379
1.352899185 0.09534127656
1.377820429 0.1001105243
1.402527269 0.104843377
1.427025749 0.1095397054
1.451320641 0.1141993162
1.475415622 0.1188219344
1.499313392 0.1234071873
1.523015763 0.1279545915
1.546523715 0.1324635374
1.569837428 0.1369332741
1.592956295 0.1413628897
1.615878914 0.1457512895
1.638603053 0.1500971677
1.661125603 0.1543989731
1.683442498 0.1586548649
1.705548609 0.1628626569
1.727437598 0.1670197438
1.749101733 0.1711230051
1.770531629 0.1751686742
1.791715912 0.1791521599
1.812640766 0.1830677932
1.833289298 0.1869084601
1.853640652 0.190665048
1.873668732 0.1943255753
1.893340273 0.1978737491
1.912611844 0.2012864087
1.931424961 0.204528592
1.949697799 0.207542867
1.967311353 0.2102224118
1.984097664 0.2123284262
2 0.2132461949
0 0.05158202919
0.02707028179 0.05158319258
0.05414177236 0.05158669396
0.08121569207 0.05159256719
0.1082932846 0.05160086929
0.1353758291 0.05161168145
0.162464653 0.05162511037
0.1895611452 0.05164129019
0.2166667714 0.05166038483
0.2437830892 0.05168259109
0.2709117665 0.05170814241
0.2980546008 0.05173731362
0.325213542 0.05177042667
0.3523907174 0.05180785794
0.3795884621 0.05185004707
0.4068093524 0.05189750812
0.4340562471 0.05195084353
0.4613323354 0.05201076179
0.4886411941 0.05207809996
0.5159868581 0.05215385275
0.5433739054 0.05223921054
0.5708075629 0.05233560965
0.5982938389 0.05244480002
0.6258396905 0.05256893772
0.6534532392 0.05271071421
0.6811440516 0.05287354064
0.7089235102 0.05306181787
0.7368053125 0.05328134344
0.7648061501 0.05353994643
0.7929466472 0.05384851734
0.8212526565 0.05422275731
0.8497570093 0.05468630988
0.8785016145 0.05527670791
0.9075387146 0.05605732839
0.9369249344 0.05714192977
0.9666806852 0.05873672141
0.9966512692 0.0611366431
1.026405779 0.06446231527
1.055592112 0.06845686082
1.084160604 0.07281188917
1.112182712 0.07734804997
1.139736666 0.08197470424
1.166884932 0.0866443876
1.193674898 0.09133051692
1.220142599 0.09601722572
1.24631583 0.1006945087
1.27221638 0.1053557465
1.297861561 0.1099963641
1.323265285 0.1146130619
1.348438808 0.1192033547
1.373391275 0.1237652827
1.398130109 0.1282972228
1.4226613 0.1327977605
1.446989618 0.1372656003
1.471118768 0.1416994979
1.495051513 0.1460982087
1.51878975 0.1504604437
1.542334571 0.154784831
1.565686296 0.1590698785
1.588844484 0.1633139361
1.611807931 0.1675151543
1.634574645 0.1716714373
1.657141802 0.1757803871
1.679505684 0.179839236
1.701661582 0.1838447615
1.723603683 0.1877931772
1.745324908 0.19167999
1.766816706 0.1954998097
1.788068787 0.199246087
1.809068773 0.2029107476
1.829801732 0.2064836621
1.850249573 0.2099518583
1.870390238 0.2132983031
1.890196642 0.2164999397
1.90963537 0.2195243688
1.928665359 0.2223239274
1.947237875 0.2248245694
1.965303337 0.2269045955
1.982846494 0.2283599784
2 0.2289020816
-3.330669074e-16 0.07737040568
0.02706751879 0.07737213805
0.05413621978 0.07737735177
0.08120729628 0.07738609698
0.1082819641 0.07739845813
0.135361473 0.07741455543
0.1624471193 0.07743454684
0.1895402582 0.0774586308
0.2166423185 0.07748704978
0.2437548169 0.07752009467
0.2708793756 0.07755811032
0.2980177402 0.07760150235
0.325171801 0.07765074563
0.3523436166 0.07770639457
0.3795354416 0.07776909607
0.4067497576 0.07783960546
0.4339893104 0.07791880645
0.461257153 0.07800773631
0.4885566967 0.0781076178
0.5158917729 0.07821990013
0.5432667059 0.07834631214
0.570686403 0.07848893209
0.5981564631 0.07865028064
0.6256833117 0.07883344657
0.6532743671 0.07904225978
0.6809382474 0.07928153389
0.7086850274 0.07955741368
0.7365265551 0.07987788425
0.7644768312 0.08025353646
0.7925524328 0.08069874853
0.8207728993 0.08123355923
0.8491608086 0.08188670462
0.8777407559 0.08270057402
0.9065350566 0.08373898149
0.9355507687 0.08509715136
0.9647488012 0.08690454252
0.9939994681 0.08928940172
1.023089047 0.09228757928
1.051828759 0.09579864959
1.080136424 0.09966665921
1.108010553 0.1037618954
1.135481197 0.1079975391
1.16258415 0.1123186923
1.189352148 0.11669041
1.215812892 0.1210898097
1.241989244 0.1255013896
1.26789995 0.1299142801
1.293560389 0.1343205991
1.318983207 0.1387144394
1.344178822 0.1430912249
1.369155817 0.1474472885
1.393921239 0.1517795868
1.418480835 0.1560855005
1.442839229 0.160362691
1.467000054 0.1646089917
1.490966059 0.1688223247
1.514739176 0.1730006304
1.53832058 0.1771418078
1.561710715 0.181243658
1.584909312 0.1853038296
1.607915389 0.1893197606
1.630727231 0.193288615
1.65334236 0.1972072091
1.675757482 0.2010719246
1.697968423 0.2048786001
1.719970033 0.2086223954
1.74175607 0.2122976154
1.76331906 0.2158974782
1.784650108 0.2194138017
1.805738689 0.2228365731
1.826572381 0.2261533403
1.84713658 0.2293483348
1.86741422 0.2324011718
1.887385606 0.2352848795
1.907028662 0.23796285
1.926320357 0.2403841006
1.945241259 0.2424761997
1.96378775 0.244136542
1.981999488 0.2452296426
2 0.245615632
0 0.1031556422
0.0270636844 0.1031579285
0.05412851432 0.1031648092
0.08119564583 0.10317635
0.1082662562 0.1031926614
0.135341555 0.1032139008
0.1624227954 0.1032402751
0.1895112866 0.1032720438
0.2166084066 0.1033095239
0.2437156162 0.1033530954
0.2708344749 0.1034032084
0.2979666574 0.1034603917
0.3251139732 0.1035252638
0.3522783873 0.1035985456
0.3794620455 0.1036810768
0.4066673013 0.103773836
0.4338967485 0.1038779657
0.4611532577 0.1039948032
0.4884400198 0.1041259202
0.5157605959 0.1042731728
0.5431189764 0.104438766
0.5705196503 0.1046253367
0.5979676865 0.1048360644
0.6254688287 0.1050748166
0.6530296056 0.1053463464
0.680657455 0.1056565624
0.7083608576 0.106012904
0.7361494662 0.1064248713
0.7640341955 0.1069047822
0.7920271937 0.1074688679
0.8201415211 0.1081388576
0.8483901593 0.1089442337
0.876783575 0.109925238
0.9053243923 0.1111361512
0.9339971643 0.1126465149
0.9627530845 0.114534052
0.9914986357 0.1168610429
1.020108872 0.1196401977
1.048469203 0.1228222294
1.076509546 0.1263218558
1.104205059 0.1300528467
1.131558882 0.1339455306
1.158586619 0.1379487688
1.185307563 0.1420261995
1.211740716 0.1461519823
1.237903283 0.150307498
1.263810279 0.1544790548
1.289474569 0.1586563473
1.314907083 0.1628314246
1.340117044 0.166997991
1.365112202 0.1711509244
1.389899021 0.1752859379
1.414482846 0.1793993351
1.438868032 0.1834878305
1.46305805 0.1875484107
1.487055566 0.1915782265
1.510862503 0.195574502
1.534480088 0.1995344572
1.557908877 0.2034552362
1.581148774 0.207333838
1.604199032 0.2111670455
1.627058244 0.2149513482
1.649724322 0.2186828556
1.672194463 0.2223571952
1.694465104 0.2259693889
1.716531865 0.2295136999
1.738389475 0.2329834383
1.760031695 0.2363707094
1.781451229 0.2396660816
1.802639637 0.2428581424
1.823587272 0.2459328927
1.84428329 0.2488729122
1.864715801 0.2516561966
1.884872372 0.254254537
1.904741217 0.2566313041
1.924313813 0.2587386084
1.943590193 0.2605143184
1.962588649 0.2618809938
1.981360102 0.2627520637
2 0.263052676
1.110223025e-16 0.1289367348
0.02705881181 0.1289395554
0.05411872293 0.1289480435
0.08118084247 0.1289622796
0.1082462993 0.1289823988
0.1353162522 0.1290085933
0.1623919005 0.1290411154
0.1894744952 0.129080282
0.2165653511 0.1291264793
0.243665859 0.1291801701
0.2707775004 0.129241902
0.2979018617 0.1293123173
0.3250406522 0.1293921662
0.3521957215 0.1294823215
0.3793690812 0.1295837977
0.406562928 0.1296977743
0.4337796701 0.1298256244
0.4610219572 0.1299689502
0.4882927139 0.1301296272
0.515595178 0.1303098609
0.5429329434 0.1305122571
0.5703100072 0.1307399139
0.597730822 0.1309965384
0.6252003501 0.131286601
0.6527241172 0.1316155375
0.6803082579 0.1319900177
0.7079595367 0.1324183055
0.7356853192 0.1329107436
0.7634934371 0.1334804056
0.791391852 0.1341439645
0.8193879399 0.1349228143
0.847487092 0.1358444136
0.8756901548 0.1369436051
0.9039891366 0.1382631471
0.9323610129 0.1398517421
0.960761286 0.1417569798
0.9891223736 0.1440121073
1.017362994 0.1466218198
1.045406999 0.1495579918
1.073199561 0.152769824
1.100711313 0.1561998207
1.127932954 0.1597953081
1.154867449 0.1635129969
1.181523906 0.1673191201
1.207913806 0.1711878618
1.234048976 0.175099524
1.259940614 0.1790389555
1.285598874 0.1829943399
1.311032742 0.1869563006
1.336250045 0.1909172491
1.361257521 0.194870909
1.386060905 0.1988119668
1.410665021 0.2027358102
1.435073862 0.2066383298
1.459290661 0.210515763
1.483317948 0.2143645698
1.507157596 0.2181813282
1.530810859 0.2219626434
1.55427839 0.2257050647
1.577560263 0.2294050058
1.600655977 0.2330586635
1.623564449 0.2366619311
1.646284014 0.2402103028
1.668812398 0.2436987629
1.691146706 0.2471216539
1.713283388 0.2504725169
1.735218221 0.2537438922
1.756946283 0.2569270689
1.778461953 0.2600117626
1.79975894 0.2629857005
1.820830383 0.2658340804
1.841669072 0.2685388667
1.862267897 0.2710778841
1.882620696 0.273423686
1.902723787 0.275542246
1.922578623 0.2773917211
1.942196076 0.2789219955
1.961602503 0.2800765461
1.980846218 0.2807989626
2 0.2810453903
-1.110223025e-16 0.1547127151
0.02705294286 0.1547160457
0.05410692993 0.1547260688
0.0811630144 0.1547428779
0.1082222674 0.1547666308
0.1352857875 0.1547975518
0.1623547099 0.1548359351
0.1894302168 0.1548821498
0.216513548 0.1549366454
0.243606012 0.1549999601
0.2707089982 0.1550727296
0.2978239901 0.1551556984
0.3249525792 0.1552497346
0.3520964813 0.1553558457
0.3792575525 0.1554752005
0.4064378088 0.1556091535
0.4336394459 0.1557592762
0.4608648618 0.1559273957
0.4881166805 0.1561156413
0.5153977777 0.1563265037
0.5427113074 0.1565629082
0.5700607278 0.1568283079
0.5974498251 0.1571268005
0.6248827306 0.1574632782
0.6523639241 0.1578436188
0.6798982129 0.1582749315
0.7074906656 0.158765871
0.7351464689 0.1593270382
0.762870653 0.1599714803
0.7906675993 0.1607152926
0.8185402006 0.1615782867
0.846488488 0.1625846011
0.8745075294 0.163762955
0.9025845201 0.165145956
0.930695462 0.1667675671
0.9588027876 0.168657951
0.9868562723 0.1708361835
1.014799 0.1733037264
1.042576929 0.1760427415
1.07014738 0.1790206589
1.097482597 0.1821980456
1.124568475 0.1855355794
1.151400936 0.1889981085
1.177982212 0.1925560814
1.204317993 0.1961854322
1.23041555 0.1998668194
1.256282599 0.2035847233
1.281926676 0.2073266174
1.307354805 0.2110822819
1.332573349 0.2148432593
1.357587949 0.2186024314
1.382403531 0.2223536914
1.407024324 0.226091689
1.431453894 0.2298116298
1.455695184 0.2335091142
1.479750547 0.237180005
1.503621774 0.2408203157
1.527310121 0.2444261113
1.550816329 0.2479934185
1.574140635 0.2515181385
1.597282782 0.2549959598
1.620242027 0.2584222661
1.643017137 0.261792036
1.665606391 0.2650997285
1.688007581 0.2683391508
1.710218017 0.2715033004
1.732234538 0.2745841735
1.754053547 0.2775725307
1.775671075 0.280457608
1.797082899 0.2832267575
1.818284755 0.2858650066
1.839272684 0.2883545229
1.860043628 0.2906739912
1.880596366 0.2927979443
1.900932992 0.2946961744
1.9210611 0.2963335151
1.940996742 0.2976705453
1.960767826 0.2986660457
1.980416728 0.2992819757
2 0.2994906913
-3.330669074e-16 0.1804826582
0.02704612743 0.1804864709
0.05409323587 0.1804979439
0.08114231436 0.1805171832
0.108194368 0.1805443669
0.1352504262 0.180579748
0.1623115512 0.1806236585
0.1893788467 0.1806765142
0.2164534674 0.1807388212
0.2435366283 0.1808111845
0.270629615 0.1808943175
0.2977337948 0.1809890547
0.3248506281 0.1810963663
0.3519816807 0.1812173764
0.3791286367 0.1813533847
0.4062933128 0.181505893
0.433477672 0.181676637
0.4606838387 0.181867626
0.487914113 0.1820811901
0.5151709845 0.1823200391
0.5424571432 0.1825873347
0.5697754864 0.1828867793
0.5971291175 0.1832227271
0.6245213316 0.1836003199
0.6519555793 0.1840256572
0.6794353963 0.1845060044
0.7069642778 0.185050046
0.7345454686 0.1856681877
0.7621816249 0.1863729001
0.7898742846 0.187179079
0.8176230705 0.1881043587
0.8454245436 0.1891692439
0.8732706754 0.1903968227
0.9011470521 0.1918117088
0.9290312322 0.1934378355
0.9568920879 0.1952949926
0.9846911431 0.1973947158
1.012386359 0.1997370276
1.039937454 0.2023096995
1.067310724 0.2050905444
1.094481633 0.2080515819
1.121434892 0.2111632439
1.148162881 0.2143973971
1.174663546 0.2177289417
1.200938456 0.2211363215
1.226991306 0.2246013993
1.252826882 0.2281090462
1.278450381 0.2316466479
1.303866992 0.235203632
1.329081653 0.2387710524
1.354098912 0.2423412431
1.37892286 0.2459075327
1.403557096 0.2494640131
1.42800473 0.2530053495
1.452268381 0.256526624
1.476350197 0.2600232032
1.500251865 0.2634906245
1.523974628 0.2669244944
1.547519297 0.2703203951
1.570886268 0.2736737942
1.594075526 0.2769799546
1.617086662 0.2802338411
1.639918878 0.2834300191
1.662571006 0.2865625422
1.685041523 0.2896248244
1.707328585 0.2926094915
1.729430068 0.2955082066
1.751343643 0.2983114632
1.77306689 0.3010083401
1.794597474 0.3035862137
1.815933413 0.3060304265
1.837073493 0.3083239199
1.85801787 0.3104468627
1.878768958 0.3123763405
1.899332662 0.3140862399
1.919719988 0.3155475579
1.939948924 0.3167294741
1.960046213 0.3176015511
1.980048231 0.3181372083
2 0.3183179784
0 0.2062456905
0.02703842274 0.2062499534
0.05407775605 0.2062627806
0.08111891749 0.2062842888
0.1081628386 0.206314674
0.1352104721 0.2063542148
0.1622627992 0.206403276
0.1893208368 0.2064623144
0.2163856456 0.2065318852
0.243458338 0.2066126512
0.2705400859 0.2067053925
0.29763213 0.20681102
0.3247357882 0.20693059
0.3518524646 0.2070653232
0.3789836589 0.2072166267
0.4061309751 0.2073861202
0.4332961302 0.2075756688
0.460480962 0.2077874208
0.4876874341 0.2080238542
0.5149176394 0.208287833
0.5421737974 0.2085826748
0.5694582447 0.2089122324
0.5967734139 0.2092809924
0.6241217949 0.2096941942
0.6515058705 0.2101579706
0.6789280141 0.2106795133
0.7063903316 0.2112672625
0.7338944248 0.2119311136
0.7614410443 0.2126826244
0.7890295959 0.2135351891
0.8166574651 0.2145041109
0.8443191424 0.2156064687
0.87200519 0.2168606187
0.8997011989 0.2182851548
0.9273870478 0.2198972037
0.955036924 0.2217101468
0.9826205287 0.2237312187
1.010105536 0.2259597623
1.037460767 0.2283868796
1.064659109 0.2309966845
1.091679335 0.2337686498
1.118506567 0.2366801949
1.145131664 0.2397088156
1.17155008 0.2428334711
1.197760614 0.2460352777
1.223764321 0.2492977045
1.24956365 0.252606474
1.275161824 0.2559493195
1.300562416 0.2593156927
1.325769058 0.2626964735
1.350785261 0.2660837046
1.375614304 0.2694703591
1.400259165 0.2728501418
1.424722485 0.2762173187
1.449006552 0.2795665724
1.473113291 0.2828928758
1.497044274 0.286191382
1.520800716 0.2894573232
1.544383492 0.2926859183
1.567793142 0.2958722824
1.591029885 0.2990113376
1.614093636 0.3020977208
1.636984022 0.3051256857
1.659700409 0.3080889957
1.682241935 0.3109808058
1.70460756 0.3137935277
1.726796134 0.3165186781
1.748806496 0.3191467047
1.770637621 0.3216667907
1.792288819 0.3240666389
1.813760033 0.326332243
1.835052246 0.3284476651
1.856168041 0.3303948584
1.877112355 0.3321535987
1.897893429 0.3337016362
1.918523917 0.3350152175
1.93902203 0.3360701569
1.959412383 0.3368435841
1.979726142 0.3373163091
2 0.3374754094
0 0.2320009957
0.0270298926 0.2320056738
0.05406061899 0.2320197496
0.08109301888 0.2320433491
0.1081279438 0.2320766837
0.1351662632 0.2321200537
0.1622088704 0.2321738521
0.1892566885 0.2322385703
0.2163106772 0.2323148051
0.2433718384 0.2324032674
0.2704412228 0.2325047927
0.2975199364 0.2326203542
0.3246091463 0.2327510779
0.3517100868 0.232898261
0.3788240645 0.2330633938
0.4059524635 0.2332481856
0.4330967477 0.2334545956
0.4602584625 0.2336848693
0.4874392327 0.2339415823
0.514640756 0.2342276916
0.5418647894 0.2345465968
0.5691131276 0.2349022119
0.596387566 0.2352990493
0.623689846 0.2357423177
0.6510215732 0.2362380329
0.6783840985 0.2367931408
0.7057783492 0.2374156472
0.7332045932 0.2381147436
0.7606621181 0.2389009092
0.7881488078 0.239785954
0.8156606084 0.2407829496
0.8431908981 0.2419059726
0.8707298216 0.2431695703
0.8982637163 0.244587872
0.9257748339 0.2461733314
0.9532415986 0.2479352221
0.9806395764 0.2498781834
1.007943118 0.2520012289
1.035127362 0.2542975725
1.062170098 0.2567553588
1.089053046 0.2593590603
1.115762371 0.2620911124
1.142288517 0.2649333926
1.168625612 0.2678683217
1.194770693 0.2708795412
1.220722944 0.2739522385
1.246483037 0.2770732212
1.272052607 0.2802308419
1.297433857 0.2834148437
1.322629276 0.2866161736
1.347641439 0.2898267941
1.37247287 0.2930395032
1.397125956 0.2962477715
1.421602886 0.2994455972
1.445905618 0.3026273768
1.470035858 0.3057877896
1.493995052 0.3089216944
1.517784383 0.3120240337
1.541404776 0.3150897439
1.564856907 0.3181136686
1.588141215 0.3210904724
1.611257923 0.3240145526
1.63420706 0.3268799476
1.656988495 0.3296802383
1.679601985 0.3324084415
1.702047231 0.335056893
1.724323969 0.3376171203
1.74643208 0.3400797033
1.768371747 0.3424341265
1.790143669 0.344668629
1.811749347 0.3467700626
1.833191455 0.3487237815
1.854474326 0.3505135993
1.875604552 0.3521218678
1.896591677 0.3535297536
1.917448938 0.3547178027
1.938193915 0.3556668735
1.958848903 0.3563594601
1.979440754 0.3567813025
2 0.3569230115
-3.330669074e-16 0.2577478211
0.02702060652 0.2577528765
0.0540419647 0.257768087
0.08106483101 0.2577935862
0.1080899716 0.2578295983
0.135118167 0.2578764416
0.1621502171 0.2579345322
0.1891869458 0.2580043899
0.2162292058 0.2580866449
0.243277883 0.258182047
0.2703339011 0.2582914752
0.2973982258 0.2584159514
0.3244718679 0.2585566544
0.3515558869 0.2587149385
0.3786513927 0.2588923537
0.4057595457 0.2590906708
0.432881556 0.2593119102
0.4600186784 0.2595583754
0.4871722041 0.2598326929
0.5143434471 0.2601378575
0.5415337223 0.2604772859
0.568744314 0.2608548768
0.5959764294 0.26127508
0.6232311343 0.2617429727
0.650509263 0.2622643414
0.6778112948 0.2628457669
0.7051371896 0.2634947034
0.7324861701 0.2642195414
0.7598564438 0.2650296344
0.787244859 0.2659352603
0.814646502 0.2669474784
0.8420542613 0.2680778351
0.869458415 0.2693378722
0.8968463371 0.270738412
0.9242024463 0.2722886442
0.9515085219 0.2739951197
0.9787444545 0.2758608381
1.005889376 0.2778846566
1.032922982 0.2800611991
1.059826774 0.2823813064
1.086584969 0.2848329051
1.113184968 0.2874020718
1.139617379 0.2900740633
1.16587573 0.2928341573
1.191956001 0.295668243
1.217856112 0.2985631716
1.24357543 0.3015069156
1.269114355 0.304488594
1.294473976 0.307498413
1.319655817 0.3105275615
1.344661633 0.3135680848
1.369493278 0.3166127534
1.394152597 0.3196549364
1.418641357 0.3226884804
1.442961205 0.3257076
1.467113634 0.3287067748
1.491099966 0.3316806557
1.514921347 0.3346239765
1.538578746 0.3375314697
1.562072962 0.340397785
1.585404637 0.343217409
1.608574281 0.3459845831
1.631582293 0.3486932192
1.654429007 0.351336812
1.677114741 0.3539083459
1.699639866 0.3564001971
1.722004898 0.3588040299
1.74421062 0.3611106912
1.766258236 0.3633101055
1.788149576 0.3653911794
1.809887359 0.3673417278
1.831475515 0.3691484442
1.852919582 0.3707969424
1.874227166 0.3722719124
1.895408428 0.3735574374
1.916476563 0.374637521
1.937448152 0.375496851
1.958343277 0.3761217843
1.979185271 0.3765014544
2 0.3766288243
-2.220446049e-16 0.2834854822
0.02701063892 0.2834908749
0.05402194298 0.2835070993
0.08103458104 0.2835342949
0.1080492294 0.2835726963
0.1350665755 0.2836226359
0.1620873215 0.283684548
0.1891121876 0.2837589743
0.2161419154 0.2838465708
0.2431772708 0.2839481163
0.2702190468 0.2840645224
0.2972680652 0.2841968457
0.3243251783 0.2843463021
0.3513912688 0.2845142837
0.3784672489 0.2847023782
0.4055540573 0.2849123918
0.4326526535 0.2851463754
0.4597640094 0.285406655
0.4868890951 0.2856958662
0.5140288599 0.2860169939
0.5411842048 0.2863734166
0.5683559448 0.2867689556
0.5955447571 0.2872079285
0.6227511124 0.2876952057
0.6499751837 0.288236267
0.6772167275 0.2888372538
0.7044749318 0.2895050091
0.731748226 0.2902470946
0.7590340503 0.2910717672
0.7863285866 0.2919878951
0.8136264652 0.2930047853
0.8409204723 0.2941318965
0.8682013054 0.2953784165
0.8954574409 0.2967527036
0.9226751884 0.2982616253
0.9498389952 0.299909873
0.9769320206 0.3016993715
1.003936936 0.3036289106
1.03083683 0.3056940967
1.057616067 0.3078876422
1.084260948 0.3101999277
1.110760099 0.3126197134
1.13710458 0.3151348632
1.163287757 0.317732979
1.189305036 0.3204018866
1.215153519 0.3231299655
1.240831652 0.3259063376
1.266338904 0.3287209468
1.291675488 0.3315645621
1.316842134 0.33442873
1.34183991 0.3373056989
1.366670085 0.3401883287
1.391334024 0.3430699949
1.415833117 0.3459444939
1.440168723 0.3488059502
1.464342139 0.3516487294
1.488354569 0.3544673543
1.512207122 0.3572564258
1.535900803 0.3600105462
1.559436523 0.3627242447
1.58281511 0.3653919036
1.60603733 0.3680076845
1.629103923 0.3705654527
1.652015637 0.3730587009
1.674773291 0.3754804706
1.697377843 0.3778232716
1.719830483 0.3800790023
1.742132753 0.3822388727
1.764286693 0.3842933359
1.786295031 0.3862320353
1.808161408 0.3880437814
1.829890651 0.389716574
1.851489085 0.391237693
1.872964873 0.3925938861
1.894328352 0.39377168
1.915592332 0.3947578397
1.936772268 0.3955399765
1.957886253 0.3961072771
1.978954744 0.3964512774
2 0.3965665654
-3.330669074e-16 0.3092133676
0.02700006816 0.3092190556
0.05400071155 0.3092361673
0.08100250804 0.309264847
0.1080060408 0.3093053366
0.1350119009 0.3093579791
0.1620206895 0.3094232219
0.1890330202 0.3095016226
0.216049521 0.3095938553
0.2430708353 0.3097007186
0.2700976233 0.3098231455
0.2971305622 0.3099622147
0.3241703448 0.3101191638
0.3512176784 0.3102954051
0.3782732801 0.3104925434
0.4053378715 0.3107123964
0.43241217 0.3109570181
0.459496876 0.3112287255
0.486592656 0.3115301276
0.5137001194 0.3118641592
0.5408197871 0.3122341158
0.5679520509 0.3126436922
0.5950971199 0.3130970225
0.6222549515 0.3135987181
0.6494251647 0.3141539039
0.67660693 0.3147682438
0.703798836 0.3154479522
0.7309987285 0.3161997792
0.7582035255 0.3170309583
0.7854090134 0.3179491
0.8126096382 0.3189620164
0.8397983156 0.3200774615
0.8669662935 0.3213027808
0.8941031114 0.3226444803
0.9211966977 0.3241077447
0.9482336386 0.3256959625
0.9751996198 0.3274103316
1.002080005 0.3292496226
1.028860478 0.3312101512
1.05552765 0.3332859717
1.082069552 0.3354692528
1.108475951 0.337750765
1.134738479 0.3401203968
1.160850604 0.3425676308
1.186807471 0.3450819341
1.212605688 0.3476530475
1.238243077 0.3502711744
1.26371843 0.3529270857
1.289031288 0.3556121585
1.314181752 0.358318368
1.339170322 0.3610382494
1.363997775 0.363764839
1.388665066 0.3664916061
1.413173252 0.3692123799
1.437523439 0.3719212751
1.461716744 0.3746126184
1.485754267 0.3772808767
1.509637079 0.3799205872
1.533366219 0.3825262897
1.556942695 0.3850924595
1.580367501 0.3876134419
1.603641635 0.3900833863
1.626766134 0.3924961815
1.649742116 0.3948453895
1.672570834 0.3971241816
1.69525375 0.3993252744
1.71779262 0.4014408709
1.740189612 0.4034626079
1.762447434 0.4053815159
1.784569504 0.4071879996
1.806560139 0.4088718477
1.828424779 0.4104222878
1.850170222 0.4118281005
1.871804873 0.4130778113
1.893338972 0.4141599753
1.914784768 0.4150635625
1.936156592 0.4157784351
1.957470786 0.4162958898
1.978745451 0.4166092069
2 0.4167141318
0 0.3349309416
0.0269889757 0.3349368815
0.05397843428 0.33495475
0.08096886026 0.3349846944
0.1079607414 0.3350269617
0.13495457 0.3350819016
0.1619508446 0.3351499701
0.1889500704 0.3352317346
0.21595276 0.3353278799
0.242959434 0.3354392158
0.2699706195 0.3355666865
0.2969868495 0.3357113804
0.3240086595 0.335874543
0.3510365842 0.3360575905
0.3780711513 0.3362621261
0.4051128731 0.3364899579
0.4321622355 0.3367431192
0.4592196834 0.3370238908
0.4862856003 0.3373348256
0.5133602836 0.3376787754
0.5404439109 0.3380589179
0.5675364989 0.3384787855
0.5946378504 0.3389422926
0.6217474887 0.3394537595
0.6488645771 0.3400179306
0.675987822 0.3406399814
0.703115358 0.341325509
0.7302446163 0.3420804975
0.7573721799 0.3429112503
0.7844936321 0.3438242779
0.8116034124 0.3448261321
0.8386946964 0.345923181
0.865759327 0.3471213239
0.8927878224 0.3484256595
0.9197694869 0.3498401325
0.9466926394 0.3513671973
0.9735449554 0.353007549
1.000313895 0.3547599646
1.02698717 0.3566212883
1.053553186 0.358586564
1.080001415 0.3606492939
1.106322651 0.3628017798
1.132509136 0.3650354966
1.158554579 0.3673414502
1.184454075 0.3697104877
1.210203969 0.3721335417
1.235801678 0.3746018055
1.261245522 0.3771068439
1.286534541 0.3796406515
1.311668349 0.3821956697
1.336646993 0.384764774
1.361470848 0.3873412401
1.386140523 0.3899186981
1.410656793 0.3924910778
1.435020545 0.3950525509
1.459232738 0.3975974702
1.48329438 0.4001203102
1.507206511 0.4026156061
1.530970196 0.4050778956
1.55458653 0.4075016598
1.578056652 0.4098812661
1.601381764 0.4122109117
1.624563164 0.4144845675
1.647602286 0.4166959243
1.670500755 0.4188383406
1.693260455 0.4209047945
1.715883609 0.4228878416
1.738372887 0.4247795829
1.760731517 0.4265716462
1.782963432 0.4282551896
1.805073425 0.4298209332
1.827067327 0.4312592313
1.848952182 0.432560193
1.870736428 0.4337138649
1.892430042 0.4347104801
1.914044639 0.4355407753
1.935593481 0.4361963644
1.957091391 0.4366701438
1.978554521 0.4369566887
2 0.4370525913
-3.330669074e-16 0.3606377473
0.02697744521 0.3606438948
0.05395527945 0.3606623867
0.08093389243 0.3606933719
0.1079136751 0.3607371
0.1348950202 0.3607939242
0.1618783222 0.3608643044
0.1888639776 0.3609488121
0.2158523839 0.3610481361
0.2428439387 0.3611630895
0.2698390378 0.3612946176
0.296838072 0.3614438079
0.3238414233 0.3616119008
0.3508494592 0.3618003021
0.377862525 0.3620105969
0.4048809338 0.3622445653
0.4319049538 0.3625041994
0.4589347916 0.3627917219
0.4859705711 0.3631096053
0.5130123068 0.363460593
0.540059871 0.3638477193
0.5671129529 0.3642743289
0.594171008 0.3647440941
0.6212331983 0.3652610273
0.6482983196 0.3658294851
0.6753647182 0.3664541622
0.7024301946 0.3671400678
0.729491898 0.3678924807
0.7565462154 0.3687168744
0.7835886613 0.3696188086
0.8106137801 0.3706037797
0.837615075 0.3716770295
0.86458498 0.3728433161
0.8915148938 0.374106658
0.9183952885 0.3754700715
0.9452159017 0.3769353292
0.9719660027 0.3785027709
0.9986347164 0.3801711952
1.025211369 0.3819378508
1.051685823 0.3837985299
1.078048755 0.3857477505
1.104291868 0.3877790003
1.130408007 0.3898850105
1.1563912 0.3920580265
1.182236621 0.3942900531
1.207940505 0.3965730571
1.233500038 0.3988991218
1.258913219 0.4012605552
1.284178732 0.403649956
1.309295823 0.4060602446
1.33426419 0.408484668
1.359083884 0.4109167844
1.383755232 0.4133504342
1.408278775 0.4157797013
1.432655216 0.4181988687
1.456885381 0.4206023709
1.480970199 0.4229847438
1.504910681 0.4253405748
1.528707918 0.4276644519
1.55236308 0.4299509145
1.575877432 0.4321944037
1.599252351 0.4343892147
1.622489357 0.4365294502
1.645590154 0.4386089768
1.668556677 0.4406213845
1.691391156 0.4425599513
1.714096191 0.4444176159
1.736674843 0.4461869605
1.759130735 0.4478602087
1.781468169 0.4494292444
1.803692256 0.4508856559
1.82580905 0.452220815
1.847825682 0.4534259959
1.869750483 0.4544925396
1.891593073 0.4554120683
1.913364416 0.4561767424
1.935076794 0.456779554
1.956743708 0.4572146315
1.978379686 0.4574775313
2 0.4575654791
2.220446049e-16 0.3863334078
0.02696556171 0.3863397181
0.05393141799 0.3863586986
0.08089786319 0.3863904983
0.1078651911 0.3864353673
0.1348336944 0.3864936589
0.161803664 0.3865658329
0.188775388 0.3866524597
0.2157491498 0.3867542258
0.2427252259 0.3868719398
0.2697038831 0.38700654
0.296685374 0.3871591027
0.3236699321 0.387330852
0.3506577643 0.3875231704
0.3776490427 0.3877376112
0.4046438928 0.3879759108
0.4316423799 0.3882400034
0.4586444914 0.3885320354
0.4856501153 0.3888543805
0.5126590135 0.389209655
0.5396707898 0.3896007317
0.5666848508 0.390030752
0.59370036 0.3905031346
0.6207161829 0.3910215788
0.6477308244 0.3915900591
0.6747423577 0.3922128094
0.7017483455 0.3928942916
0.7287457574 0.393639145
0.7557308853 0.394452112
0.7826992658 0.3953379366
0.8096456156 0.3963012335
0.836563793 0.3973463281
0.8634467949 0.3984770726
0.8902868022 0.3996966474
0.917075281 0.4010073646
0.9438031416 0.4024104908
0.9704609495 0.4039061116
0.9970391732 0.4054930555
1.023528448 0.407168889
1.04991983 0.4089299833
1.076205014 0.4107716455
1.102376503 0.4126882965
1.128427713 0.4146736739
1.154353023 0.4167210385
1.180147765 0.4188233679
1.205808179 0.4209735225
1.231331331 0.4231643789
1.256715024 0.4253889296
1.281957699 0.4276403497
1.307058337 0.4299120355
1.332016367 0.4321976204
1.356831592 0.4344909722
1.381504117 0.436786177
1.40603429 0.4390775134
1.430422665 0.4413594196
1.454669959 0.4436264566
1.478777033 0.445873268
1.502744878 0.4480945386
1.526574605 0.4502849527
1.55026745 0.4524391522
1.573824786 0.4545516955
1.597248137 0.456617018
1.620539212 0.4586293943
1.643699937 0.4605829036
1.666732499 0.4624713995
1.689639409 0.4642884859
1.712423563 0.4660275002
1.735088318 0.4676815085
1.757637585 0.4692433146
1.780075919 0.4707054883
1.802408625 0.472060416
1.824641857 0.47330038
1.84678272 0.4744176697
1.868839348 0.4754047271
1.890820964 0.4762543269
1.912737891 0.4769597857
1.934601521 0.4775151915
1.956424213 0.4779156364
1.978219126 0.4781574328
2 0.4782382906
1.110223025e-16 0.4120176278
0.02695341081 0.412024056
0.05390702194 0.4120433898
0.08086103264 0.4120757775
0.1078156399 0.4121214672
0.1347710373 0.4121808095
0.1617274129 0.4122542603
0.188684948 0.412342384
0.2156438137 0.4124458593
0.2426041684 0.4125654835
0.2695661536 0.4127021803
0.2965298885 0.4128570059
0.3234954641 0.4130311584
0.350462935 0.4132259864
0.3774323099 0.4134429989
0.4044035396 0.4136838764
0.4313765021 0.4139504815
0.4583509853 0.4142448707
0.485326665 0.4145693049
0.5123030798 0.4149262606
0.5392795999 0.4153184377
0.5662553917 0.4157487662
0.5932293754 0.4162204081
0.6202001775 0.4167367535
0.6471660768 0.4173014091
0.6741249447 0.4179181757
0.7010741825 0.4185910132
0.7280106568 0.4193239882
0.754930637 0.4201212036
0.7818297411 0.420986707
0.8087028959 0.4219243771
0.8355443183 0.4229377913
0.8623475284 0.4240300778
0.8891053981 0.4252037612
0.9158102419 0.4264606126
0.9424539495 0.4278015182
0.9690281536 0.4292263804
0.9955244242 0.4307340628
1.021934472 0.432322387
1.048250345 0.433988182
1.074464601 0.4357273796
1.100570446 0.4375351461
1.126561828 0.4394060352
1.152433484 0.4413341466
1.178180951 0.4433132783
1.203800542 0.445337063
1.229289292 0.4473990809
1.2546449 0.449492949
1.27986565 0.4516123841
1.304950338 0.4537512453
1.329898202 0.4559035551
1.354708856 0.458063506
1.379382232 0.460225454
1.403918531 0.4623839023
1.428318184 0.4645334783
1.452581822 0.4666689058
1.476710254 0.4687849737
1.500704452 0.4708765026
1.524565549 0.4729383109
1.548294836 0.4749651805
1.571893774 0.4769518233
1.595364014 0.4788928489
1.618707416 0.4807827353
1.641926089 0.4826158022
1.665022423 0.4843861896
1.687999148 0.4860878418
1.710859383 0.4877145005
1.733606708 0.4892597078
1.75624523 0.4907168232
1.778779665 0.4920790565
1.801215416 0.493339521
1.823558651 0.4944913093
1.845816368 0.4955275938
1.867996457 0.4964417534
1.890107722 0.4972275238
1.912159882 0.4978791674
1.934163524 0.4983916538
1.956130013 0.4987608388
1.978071353 0.4989836277
2 0.4990581066
-2.220446049e-16 0.4376901931
0.02694107795 0.4376966945
0.05388226292 0.4377162475
0.0808236601 0.4377489979
0.107765371 0.4377951906
0.1347074912 0.4378551706
0.1616501081 0.4379293862
0.1885932983 0.4380183921
0.2155371236 0.4381228534
0.242481628 0.438243551
0.269426832 0.4383813865
0.2963727272 0.4385373891
0.3233192693 0.4387127223
0.3502663693 0.4389086915
0.3772138834 0.4391267523
0.4041616006 0.4393685187
0.4311092281 0.4396357716
0.4580563733 0.4399304671
0.4850025234 0.4402547443
0.5119470211 0.4406109313
0.5388890358 0.4410015498
0.5658275313 0.4414293162
0.5927612285 0.4418971388
0.6196885636 0.4424081088
0.6466076432 0.4429654847
0.673516195 0.4435726662
0.7004115178 0.4442331576
0.7272904324 0.444950517
0.7541492361 0.445728291
0.780983666 0.4465699334
0.8077888759 0.4474787082
0.834559432 0.4484575802
0.8612893331 0.4495090955
0.8879720598 0.4506352605
0.9146006545 0.4518374271
0.9411678316 0.4531161927
0.9676661134 0.4544713272
0.9940879832 0.4559017324
1.020426046 0.4574054399
1.046673184 0.4589796472
1.072822692 0.4606207896
1.098868395 0.4623246383
1.124804726 0.4640864167
1.150626775 0.4659009235
1.176330308 0.4677626532
1.201911755 0.4696659075
1.227368183 0.4716048899
1.252697252 0.4735737837
1.277897157 0.4755668109
1.302966578 0.4775782734
1.327904619 0.4796025782
1.352710757 0.4816342487
1.377384796 0.4836679256
1.401926824 0.4856983579
1.42633718 0.487720388
1.450616426 0.4897289311
1.474765332 0.4917189515
1.498784858 0.4936854367
1.522676153 0.4956233706
1.546440556 0.4975277054
1.570079604 0.4993933355
1.593595047 0.5012150724
1.61698887 0.5029876214
1.640263326 0.5047055626
1.663420965 0.5063633365
1.686464682 0.5079552352
1.709397762 0.5094754019
1.732223938 0.5109178402
1.754947446 0.5122764353
1.77757309 0.5135449898
1.8001063 0.5147172752
1.822553191 0.5157871029
1.844920609 0.5167484136
1.867216167 0.5175953856
1.889448254 0.5183225606
1.911626022 0.5189249811
1.93375934 0.5193983333
1.955858707 0.5197390865
1.977935135 0.5199446176
2 0.5200133101
-1.110223025e-16 0.4633509705
0.02692864769 0.4633575012
0.05385731074 0.4633771408
0.08078600201 0.4634100323
0.1077147293 0.4634564151
0.1346434926 0.4635166264
0.1615722811 0.463591104
0.1885010694 0.4636803888
0.215429814 0.4637851285
0.2423584484 0.4639060818
0.2692868778 0.4640441231
0.2962149724 0.4642002477
0.3231425602 0.4643755779
0.350069418 0.4645713685
0.3769952607 0.4647890139
0.4039197289 0.4650300539
0.4308423745 0.4652961801
0.4577626436 0.4655892415
0.4846798568 0.4659112491
0.5115931865 0.466264379
0.538501631 0.4666509731
0.5654039852 0.4670735366
0.5922988083 0.4675347316
0.6191843881 0.4680373652
0.6460587032 0.4685843704
0.6729193833 0.4691787791
0.6997636701 0.4698236855
0.7265883803 0.4705221986
0.753389873 0.4712773824
0.7801640266 0.4720921851
0.8069062264 0.4729693566
0.8336113699 0.4739113576
0.8602738908 0.4749202636
0.8868878055 0.475997669
0.9134467835 0.4771445975
0.9399442397 0.478361426
0.9663734447 0.4796478294
0.9927276485 0.4810027495
1.019000208 0.482424394
1.045184711 0.4839102637
1.071275089 0.4854572061
1.09726571 0.4870614904
1.123151449 0.4887188966
1.148927733 0.4904248116
1.174590565 0.4921743255
1.200136524 0.4939623216
1.225562748 0.4957835562
1.250866906 0.4976327259
1.276047159 0.4995045207
1.301102117 0.5013936626
1.326030802 0.5032949329
1.350832597 0.5052031861
1.375507214 0.5071133556
1.40005466 0.5090204503
1.424475204 0.5109195462
1.44876936 0.5128057715
1.472937866 0.5146742899
1.496981677 0.5165202806
1.520901957 0.5183389175
1.544700084 0.5201253477
1.568377656 0.5218746715
1.591936503 0.5235819223
1.61537871 0.5252420509
1.63870664 0.5268499112
1.661922964 0.5284002522
1.685030698 0.5298877145
1.708033244 0.5313068348
1.730934434 0.5326520591
1.753738577 0.5339177666
1.776450509 0.5350983052
1.799075635 0.5361880415
1.821619973 0.5371814241
1.844090185 0.538073063
1.866493595 0.5388578217
1.88883819 0.5395309218
1.9111326 0.5400880547
1.933386046 0.5405254955
1.955608273 0.5408402124
1.977809439 0.5410299623
2 0.5410933673
1.110223025e-16 0.4889999066
0.02691620314 0.4890064235
0.05383233222 0.4890260202
0.08074831009 0.4890588357
0.1076640534 0.4891051027
0.1345794692 0.4891651485
0.1614944515 0.4892393977
0.1884088769 0.4893283742
0.2153226003 0.4894327044
0.24223545 0.4895531205
0.2691472213 0.4896904649
0.2960576701 0.489845694
0.3229665049 0.4900198829
0.3498733775 0.4902142304
0.3767778728 0.4904300637
0.4036794962 0.4906688428
0.4305776599 0.4909321648
0.4574716663 0.4912217673
0.48436069 0.4915395304
0.5112437566 0.4918874773
0.5381197199 0.4922677721
0.5649872354 0.4926827147
0.5918447331 0.4931347319
0.6186903866 0.4936263631
0.6455220827 0.4941602404
0.6723373891 0.4947390609
0.6991335246 0.4953655521
0.7259073313 0.4960424275
0.7526552525 0.4967723334
0.7793733185 0.4975577872
0.8060571429 0.4984011079
0.8327019329 0.4993043402
0.8593025144 0.5002691769
0.8858533762 0.5012968824
0.9123487308 0.5023882223
0.9387825917 0.5035434047
0.9651488652 0.5047620369
0.9914414504 0.5060431026
1.017654342 0.5073849604
1.043781733 0.5087853648
1.069818103 0.5102415065
1.0957583 0.5117500707
1.121597599 0.5133073056
1.147331746 0.5149090984
1.172956981 0.5165510521
1.198470045 0.5182285589
1.223868176 0.519936867
1.249149086 0.521671138
1.274310939 0.5234264942
1.29935232 0.5251980547
1.324272201 0.5269809613
1.349069909 0.5287703954
1.373745096 0.5305615859
1.39829771 0.5323498105
1.422727975 0.5341303911
1.447036368 0.5358986855
1.471223609 0.5376500744
1.495290647 0.5393799479
1.519238663 0.5410836893
1.543069066 0.5427566596
1.566783502 0.544394182
1.590383865 0.5459915279
1.613872317 0.5475439054
1.637251301 0.5490464505
1.660523578 0.5504942236
1.683692248 0.5518822099
1.706760788 0.5532053281
1.729733088 0.5544584453
1.752613486 0.5556364021
1.775406805 0.5567340475
1.79811839 0.5577462844
1.820754132 0.5586681276
1.843320489 0.5594947718
1.865824498 0.5602216706
1.888273763 0.560844623
1.910676432 0.561359865
1.93304115 0.5617641605
1.955376996 0.5620548877
1.977693392 0.5622301144
2 0.5622886564
-1.110223025e-16 0.5146370263
0.02690382538 0.5146434874
0.05380749003 0.5146629152
0.08071082969 0.5146954439
0.1076136728 0.5147412981
0.1345158369 0.5148007935
0.1614171243 0.5148743392
0.1883173176 0.5149624393
0.215216175 0.5150656958
0.2421134247 0.5151848111
0.2690087584 0.5153205912
0.2959018247 0.5154739494
0.3227922208 0.5156459098
0.3496794833 0.5158376103
0.376563078 0.5160503069
0.403442388 0.5162853759
0.4303167002 0.516544317
0.4571851901 0.5168287542
0.4840469052 0.5171404364
0.5109007456 0.5174812353
0.5377454436 0.5178531419
0.5645795413 0.518258259
0.5914013665 0.5186987906
0.6182090074 0.5191770267
0.6450002875 0.5196953229
0.6717727407 0.5202560735
0.6985235878 0.520861679
0.7252497169 0.5215145057
0.751947669 0.5222168386
0.77861363 0.5229708281
0.8052434332 0.5237784307
0.8318325717 0.5246413466
0.858376225 0.5255609561
0.8848692983 0.5265382581
0.9113064759 0.5275738145
0.937682287 0.5286677036
0.9639911817 0.5298194869
0.9902276131 0.531028191
1.016386122 0.5322923065
1.042461422 0.5336098034
1.068448469 0.5349781634
1.094342537 0.5363944237
1.120139261 0.5378552314
1.145834685 0.5393569037
1.171425278 0.540895489
1.196907953 0.5424668278
1.222280062 0.5440666076
1.247539386 0.5456904124
1.27268412 0.5473337638
1.297712852 0.5489921544
1.322624536 0.5506610722
1.347418469 0.5523360178
1.372094267 0.5540125148
1.396651846 0.5556861137
1.421091396 0.5573523911
1.445413372 0.5590069448
1.469618483 0.5606453862
1.493707679 0.5622633302
1.517682152 0.5638563844
1.541543338 0.5654201376
1.565292922 0.5669501488
1.588932845 0.568441938
1.612465323 0.5698909783
1.635892863 0.5712926919
1.659218283 0.5726424494
1.682444738 0.5739355742
1.705575748 0.5751673525
1.728615226 0.5763330504
1.751567505 0.5774279385
1.774437366 0.578447325
1.797230065 0.5793865975
1.819951348 0.5802412741
1.842607465 0.5810070626
1.865205168 0.5816799275
1.887751701 0.5822561621
1.910254772 0.5827324629
1.93272251 0.5831060036
1.955163408 0.5833745036
1.977586245 0.5835362874
2 0.5835903303
-1.110223025e-16 0.5402624303
0.02689159298 0.5402687951
0.0537829418 0.5402879323
0.08067379834 0.5403199708
0.1075639064 0.5403651256
0.1344529975 0.5404236997
0.1613407865 0.5404960846
0.1882269664 0.5405827626
0.2151112037 0.5406843083
0.2419931321 0.5408013915
0.2688723461 0.5409347789
0.2957483942 0.5410853375
0.3226207706 0.5412540368
0.3494889061 0.541441951
0.3763521583 0.5416502619
0.4032097999 0.5418802601
0.4300610064 0.5421333462
0.4569048419 0.5424110305
0.4837402435 0.5427149322
0.5105660049 0.5430467752
0.5373807576 0.5434083836
0.5641829517 0.5438016726
0.5909708357 0.5442286371
0.6177424358 0.5446913364
0.6444955352 0.5451918733
0.6712276546 0.5457323695
0.6979360355 0.5463149348
0.7246176256 0.5469416311
0.7512690705 0.5476144308
0.7778867104 0.548335171
0.8044665863 0.5491055031
0.8310044545 0.5499268408
0.8574958115 0.5508003083
0.8839359305 0.5517266902
0.9103199077 0.552706387
0.9366427184 0.5537393782
0.962899281 0.554825196
0.9890845252 0.5559629109
1.015193463 0.5571511308
1.041221255 0.5583880128
1.06716328 0.5596712881
1.093015184 0.5609982963
1.11877293 0.5623660286
1.144432834 0.5637711754
1.169991589 0.5652101759
1.195446277 0.5666792679
1.220794374 0.5681745335
1.246033747 0.5696919414
1.271162642 0.5712273829
1.29617967 0.5727767013
1.32108379 0.5743357153
1.345874294 0.575900236
1.37055078 0.577466078
1.395113145 0.5790290653
1.419561566 0.5805850337
1.443896483 0.5821298286
1.468118601 0.5836593009
1.492228871 0.5851693006
1.5162285 0.5866556699
1.540118942 0.5881142353
1.563901912 0.5895408005
1.587579386 0.5909311408
1.611153621 0.5922809988
1.634627161 0.5935860833
1.658002863 0.5948420715
1.681283914 0.5960446155
1.704473847 0.5971893541
1.727576574 0.59827193
1.750596396 0.599288014
1.773538033 0.6002333353
1.796406632 0.6011037199
1.819207785 0.6018951351
1.841947531 0.6026037412
1.86463235 0.6032259476
1.887269148 0.6037584733
1.909865233 0.6041984082
1.932428273 0.6045432727
1.954966242 0.6047910729
1.977487356 0.6049403481
2 0.6049902065
-2.220446049e-16 0.565876293
0.0268795816 0.5658825226
0.05375883922 0.5659012524
0.08063744457 0.5659326053
0.1075150606 0.5659767863
0.134391337 0.5660340838
0.1612659052 0.5661048706
0.1881383738 0.5661896051
0.2150083225 0.5662888326
0.2418752964 0.5664031879
0.2687387994 0.5665333963
0.2955982872 0.5666802758
0.322453159 0.5668447391
0.3493027491 0.5670277947
0.376146317 0.5672305487
0.4029830366 0.5674542048
0.4298119846 0.5677000647
0.4566321277 0.5679695264
0.4834423084 0.5682640819
0.51024123 0.5685853124
0.537027441 0.5689348825
0.5637993182 0.5693145303
0.5905550498 0.5697260561
0.6172926183 0.5701713062
0.6440097844 0.5706521537
0.670704072 0.5711704753
0.6973727556 0.571728123
0.724012851 0.5723268919
0.7506211109 0.572968484
0.7771940252 0.5736544685
0.8037278294 0.5743862391
0.8302185198 0.5751649712
0.8566618776 0.5759915781
0.8830535013 0.5768666711
0.9093888478 0.577790523
0.9356632805 0.5787630388
0.9618721231 0.5797837345
0.9880107176 0.5808517256
1.014074483 0.581965726
1.040058975 0.5831240575
1.065959934 0.5843246688
1.091773342 0.5855651628
1.117495457 0.586842831
1.143122847 0.5881546913
1.168652412 0.5894975286
1.194081403 0.5908679357
1.219407424 0.5922623512
1.244628435 0.5936770959
1.269742748 0.5951084035
1.294749013 0.5965524472
1.319646213 0.5980053611
1.344433646 0.5994632566
1.369110913 0.6009222338
1.393677904 0.602378389
1.418134791 0.6038278187
1.442482012 0.6052666198
1.46672027 0.6066908884
1.490850522 0.6080967166
1.514873985 0.6094801878
1.538792131 0.6108373731
1.562606693 0.6121643263
1.586319675 0.6134570818
1.609933356 0.6147116527
1.633450307 0.6159240325
1.656873405 0.6170901992
1.680205843 0.6182061233
1.703451156 0.6192677804
1.726613227 0.6202711683
1.749696314 0.6212123297
1.772705054 0.6220873809
1.795644479 0.6228925451
1.818520022 0.6236241924
1.841337513 0.6242788836
1.864103173 0.6248534184
1.886823599 0.6253448853
1.909505733 0.6257507128
1.932156827 0.6260687175
1.954784398 0.6262971493
1.977396168 0.6264347286
2 0.6264806757
0 0.5914788589
0.02686786365 0.5914849163
0.05373532742 0.5915031274
0.08060198682 0.5915336085
0.1074674281 0.591576554
0.1343312233 0.591632237
0.1611929256 0.5917010099
0.1880520634 0.5917833059
0.2149081355 0.5918796397
0.2417606041 0.591990609
0.268608889 0.592116896
0.2954523604 0.5922592684
0.3222903305 0.5924185803
0.3491220458 0.5925957737
0.3759466773 0.5927918781
0.4027633111 0.5930080107
0.4295709366 0.5932453751
0.4563684358 0.5935052594
0.4831545699 0.5937890323
0.5099279669 0.5940981384
0.5366871071 0.5944340907
0.5634303094 0.5947984615
0.5901557172 0.5951928698
0.6168612844 0.5956189671
0.6435447628 0.596078418
0.6702036909 0.5965728795
0.696835385 0.597103975
0.7234369335 0.5976732659
0.7500051952 0.59828222
0.776536803 0.5989321773
0.8030281728 0.5996243137
0.8294755193 0.600359605
0.8558748786 0.6011387914
0.8822221375 0.6019623434
0.9085130696 0.6028304336
0.9347433768 0.6037429117
0.9609087357 0.6046992879
0.9870048468 0.6056987238
1.013027484 0.6067400308
1.038972544 0.6078216777
1.064836093 0.6089418055
1.090614407 0.6100982494
1.116304009 0.6112885659
1.141901698 0.6125100636
1.167404571 0.6137598361
1.192810039 0.6150347956
1.218115834 0.6163317051
1.243320016 0.6176472088
1.268420968 0.6189778588
1.293417394 0.620320139
1.318308308 0.621670484
1.343093031 0.6230252949
1.367771175 0.6243809509
1.392342637 0.6257338172
1.41680759 0.6270802503
1.441166478 0.6284166004
1.465420004 0.6297392119
1.489569136 0.6310444225
1.513615098 0.6323285614
1.537559374 0.6335879476
1.561403713 0.6348188881
1.585150133 0.6360176774
1.60880093 0.6371805982
1.632358685 0.638303925
1.655826279 0.6393839293
1.679206903 0.6404168888
1.702504069 0.6413991001
1.725721626 0.6423268957
1.748863769 0.6431966647
1.771935045 0.6440048793
1.794940367 0.6447481242
1.817885005 0.645423132
1.840774592 0.6460268204
1.863615104 0.6465563332
1.88641285 0.6470090827
1.909174442 0.6473827908
1.931906762 0.64767553
1.954616917 0.6478857587
1.977312194 0.6480123526
2 0.6480546271
2.220446049e-16 0.6170704401
0.02685650798 0.6170762902
0.05371254435 0.6170938769
0.08056763268 0.61712331
0.1074212868 0.6171647723
0.1342730059 0.6172185208
0.1611222691 0.617284887
0.1879685305 0.6173642775
0.2148112128 0.6174571751
0.2416497018 0.6175641396
0.2684833394 0.6176858087
0.2953114172 0.6178228986
0.3221331682 0.6179762045
0.3489477595 0.6181466011
0.3757542829 0.6183350418
0.4025517461 0.618542558
0.4293390623 0.6187702575
0.4561150398 0.6190193212
0.482878371 0.6192909996
0.5096276205 0.6195866066
0.5363612136 0.6199075124
0.5630774242 0.6202551341
0.5897743634 0.6206309237
0.6164499681 0.6210363539
0.6431019917 0.6214729009
0.6697279954 0.6219420246
0.6963253424 0.622445146
0.7228911953 0.6229836218
0.7494225164 0.6235587167
0.7759160729 0.624171574
0.8023684471 0.6248231852
0.8287760518 0.6255143595
0.8551351511 0.6262456936
0.8814418874 0.6270175449
0.9076923127 0.6278300071
0.9338824256 0.6286828905
0.9600082107 0.6295757084
0.986065681 0.6305076689
1.01205092 0.6314776744
1.037960126 0.632484327
1.063789649 0.6335259402
1.089536029 0.6346005563
1.115196027 0.6357059688
1.140766653 0.6368397466
1.166245185 0.6379992615
1.191629188 0.6391817158
1.216916519 0.6403841691
1.242105338 0.6416035645
1.267194106 0.6428367513
1.292181583 0.6440805061
1.317066829 0.6453315504
1.341849192 0.6465865643
1.366528305 0.6478421988
1.391104079 0.6490950835
1.415576697 0.6503418329
1.439946609 0.6515790498
1.464214529 0.6528033279
1.488381428 0.6540112522
1.512448541 0.6551993996
1.536417361 0.6563643385
1.560289647 0.6575026297
1.584067424 0.658610827
1.607752994 0.6596854802
1.63134894 0.6607231393
1.654858137 0.6617203614
1.678283759 0.66267372
1.701629288 0.6635798175
1.724898525 0.6644353017
1.748095595 0.6652368848
1.771224952 0.6659813673
1.794291384 0.6666656643
1.817300006 0.667286836
1.840256259 0.6678421199
1.863165894 0.6683289659
1.886034955 0.6687450711
1.908869754 0.6690884149
1.931676839 0.6693572919
1.954462957 0.6695503416
1.977235009 0.6696665733
2 0.6697053845
-1.110223025e-16 0.6426514124
0.02684557967 0.642657022
0.05369062037 0.642673885
0.08053457813 0.6427021039
0.107376899 0.64274185
0.1342170138 0.6427933634
0.1610543328 0.6428569538
0.1878882406 0.6429330007
0.2147180899 0.6430219542
0.2415431953 0.6431243352
0.2683628278 0.6432407364
0.2951762067 0.643371822
0.3219824936 0.6435183281
0.3487807838 0.6436810624
0.3755700984 0.6438609029
0.4023493758 0.644058797
0.4291174626 0.644275759
0.4558731037 0.6445128665
0.4826149328 0.6447712566
0.5093414624 0.6450521194
0.5360510734 0.6453566909
0.5627420053 0.6456862437
0.5894123468 0.6460420755
0.6160600272 0.6464254958
0.6426828086 0.6468378105
0.6692782805 0.647280303
0.695843856 0.647754215
0.7223767711 0.6482607235
0.7488740871 0.648800917
0.7753326965 0.64937577
0.8017493342 0.6499861175
0.8281205917 0.6506326288
0.8544429371 0.6513157829
0.880712739 0.6520358456
0.9069262953 0.6527928499
0.9330798645 0.6535865794
0.9591697009 0.6544165573
0.9851920907 0.6552820395
1.01114339 0.6561820143
1.037020059 0.6571152058
1.062818701 0.6580800841
1.08853609 0.6590748792
1.114169201 0.6600975979
1.139715236 0.6611460453
1.16517164 0.6622178459
1.190536122 0.6633104673
1.215806661 0.6644212426
1.240981513 0.6655473922
1.26605922 0.666686044
1.291038604 0.6678342514
1.315918771 0.6689890094
1.340699106 0.6701472675
1.365379267 0.6713059404
1.389959186 0.6724619169
1.41443906 0.6736120661
1.438819351 0.6747532417
1.463100779 0.6758822859
1.487284328 0.6769960309
1.511371236 0.6780913013
1.535363006 0.6791649148
1.559261399 0.6802136848
1.583068445 0.6812344223
1.606786445 0.6822239401
1.630417976 0.6831790579
1.653965896 0.6840966097
1.677433356 0.6849734532
1.7008238 0.6858064825
1.724140973 0.6865926426
1.747388928 0.6873289479
1.770572021 0.6880125025
1.793694918 0.6886405247
1.816762584 0.6892103724
1.839780282 0.6897195718
1.86275355 0.6901658461
1.885688192 0.6905471458
1.908590248 0.6908616773
1.93146597 0.6911079307
1.95432178 0.6912847034
1.97716424 0.6913911212
2 0.6914266532
-2.220446049e-16 0.6682222116
0.02683513983 0.6682275498
0.05366967784 0.6682435958
0.08050300712 0.6682704453
0.1073345105 0.6683082572
0.1341635554 0.6683572546
0.1609894882 0.6684177249
0.1878116291 0.6684900198
0.2146292661 0.6685745563
0.2414416491 0.6686718161
0.2682479835 0.6687823464
0.2950474238 0.6689067595
0.3218390664 0.6690457328
0.3486219425 0.6692000074
0.3753950106 0.6693703876
0.4021571479 0.6695577386
0.4289071429 0.6697629842
0.4556436862 0.6699871028
0.4823653621 0.6702311233
0.5090706399 0.6704961187
0.5357578652 0.6707831993
0.5624252518 0.6710935033
0.5890708742 0.6714281864
0.6156926604 0.6717884093
0.6422883869 0.6721753235
0.6688556749 0.6725900548
0.6953919879 0.6730336857
0.7218946335 0.6735072353
0.7483607661 0.6740116389
0.7747873944 0.6745477261
0.801171392 0.6751161988
0.8275095114 0.6757176091
0.8537984028 0.6763523389
0.8800346355 0.677020581
0.9062147235 0.677722322
0.932335154 0.6784573295
0.9583924176 0.6792251424
0.9843830402 0.6800250656
1.010303616 0.6808561686
1.036150837 0.6817172897
1.06192153 0.6826070426
1.087612676 0.6835238282
1.113221444 0.684465849
1.138745207 0.6854311251
1.164181567 0.6864175133
1.189528364 0.6874227256
1.214783691 0.6884443486
1.239945902 0.6894798618
1.265013615 0.6905266551
1.289985717 0.6915820447
1.314861364 0.6926432868
1.339639979 0.6937075904
1.364321252 0.6947721265
1.388905136 0.6958340373
1.413391847 0.6968904422
1.43778186 0.6979384431
1.462075907 0.6989751287
1.486274978 0.699997577
1.510380321 0.7010028588
1.53439344 0.7019880397
1.558316099 0.7029501833
1.582150328 0.7038863546
1.60589842 0.7047936246
1.62956294 0.705669076
1.653146726 0.7065098112
1.676652898 0.7073129611
1.700084857 0.7080756974
1.723446291 0.7087952465
1.746741174 0.7094689054
1.769973769 0.7100940609
1.793148622 0.7106682103
1.816270557 0.7111889838
1.839344667 0.7116541692
1.862376298 0.7120617363
1.885371034 0.7124098623
1.908334671 0.7126969558
1.931273192 0.7129216798
1.954192735 0.7130829713
1.977099558 0.7131800586
2 0.7132124733
0 0.69378333
0.02682524548 0.6937883678
0.05364983093 0.6938035105
0.08047309113 0.6938288461
0.1072943505 0.6938645214
0.1341129177 0.693910742
0.1609280805 0.6939677728
0.1877390999 0.6940359375
0.2145452047 0.6941156196
0.2413455854 0.6942072615
0.2681393883 0.6943113652
0.2949257089 0.6944284912
0.3217035854 0.6945592585
0.3484719919 0.6947043433
0.3752298309 0.6948644774
0.4019759267 0.6950404465
0.4287090171 0.6952330868
0.4554277462 0.6954432819
0.482130657 0.6956719577
0.5088161833 0.695920077
0.535482643 0.696188632
0.5621282312 0.6964786364
0.5887510141 0.6967911152
0.6153489237 0.6971270933
0.6419197544 0.6974875825
0.6684611604 0.6978735675
0.6949706555 0.698285989
0.7214456152 0.6987257276
0.7478832809 0.6991935853
0.7742807679 0.6996902666
0.8006350754 0.7002163601
0.8269431005 0.70077232
0.8532016552 0.7013584485
0.8794074866 0.7019748799
0.9055572993 0.7026215672
0.9316477811 0.7032982704
0.9576756297 0.7040045492
0.9836375812 0.7047397581
1.009530438 0.7055030453
1.035351099 0.7062933556
1.061096585 0.7071094365
1.086764062 0.7079498468
1.112350872 0.708812969
1.137854544 0.709697022
1.16327282 0.7106000772
1.188603664 0.7115200737
1.213845275 0.7124548346
1.238996099 0.7134020827
1.264054829 0.7143594555
1.289020415 0.7153245191
1.313892065 0.7162947803
1.338669241 0.7172676979
1.363351667 0.7182406922
1.387939321 0.7192111525
1.412432437 0.7201764441
1.436831507 0.7211339134
1.461137275 0.7220808925
1.485350737 0.7230147032
1.509473148 0.7239326601
1.533506015 0.7248320741
1.557451101 0.7257102559
1.581310431 0.7265645204
1.605086288 0.7273921914
1.62878122 0.728190608
1.652398043 0.728957132
1.67593984 0.7296891574
1.699409968 0.7303841207
1.722812054 0.7310395146
1.746149997 0.7316529021
1.769427966 0.7322219335
1.792650396 0.7327443642
1.815821975 0.7332180751
1.838947642 0.7336410928
1.862032565 0.7340116107
1.885082129 0.7343280106
1.908101911 0.7345888827
1.931097656 0.7347930443
1.954075246 0.734939557
1.977040673 0.7350277399
2 0.7350571803
-1.110223025e-16 0.7193353118
0.02681594946 0.7193400227
0.05363118536 0.7193541821
0.08044498891 0.7193778707
0.1072566309 0.7194112227
0.1340653663 0.7194544264
0.1608704289 0.7195077236
0.1876710259 0.7195714104
0.2144663322 0.7196458363
0.2412554846 0.7197314049
0.268037576 0.7198285728
0.2948116489 0.7199378498
0.3215766895 0.7200597972
0.3483316211 0.7201950276
0.3750752975 0.7203442024
0.4018064961 0.7205080298
0.4285239114 0.7206872624
0.4552261479 0.7208826926
0.4819117138 0.721095149
0.5085790144 0.7213254901
0.5352263459 0.7215745982
0.5618518902 0.7218433711
0.5884537098 0.7221327134
0.6150297445 0.7224435261
0.6415778083 0.7227766947
0.6680955892 0.7231330766
0.6945806492 0.7235134871
0.7210304277 0.7239186843
0.7474422465 0.7243493537
0.7738133177 0.7248060922
0.8001407538 0.7252893919
0.8264215809 0.7257996247
0.852652755 0.7263370278
0.8788311797 0.7269016898
0.9049537273 0.7274935398
0.9310172616 0.7281123379
0.9570186619 0.7287576684
0.9829548482 0.7294289364
1.008822807 0.7301253662
1.034619615 0.7308460041
1.060342466 0.7315897225
1.085988693 0.7323552279
1.111555788 0.73314107
1.137041422 0.7339456529
1.162443464 0.7347672479
1.187759989 0.7356040066
1.212989298 0.7364539744
1.238129919 0.7373151037
1.26318062 0.7381852671
1.288140411 0.739062269
1.313008549 0.7399438571
1.33778454 0.7408277316
1.362468137 0.7417115544
1.387059347 0.7425929564
1.411558425 0.7434695437
1.435965876 0.7443389032
1.460282457 0.7451986074
1.484509175 0.7460462184
1.508647286 0.7468792917
1.532698299 0.7476953801
1.556663977 0.748492038
1.580546335 0.7492668255
1.604347644 0.7500173137
1.628070434 0.7507410912
1.651717494 0.7514357712
1.675291872 0.7520990004
1.698796875 0.7527284687
1.722236073 0.7533219217
1.745613292 0.7538771732
1.768932611 0.7543921202
1.792198358 0.7548647589
1.815415098 0.7552932014
1.838587627 0.755675694
1.861720953 0.7560106345
1.88482028 0.7562965908
1.907890989 0.7565323171
1.930938613 0.7567167702
1.953968808 0.7568491235
1.976987331 0.7569287775
2 0.7569553694
-1.110223025e-16 0.74487875
0.02680730033 0.7448831095
0.05361383831 0.7448962126
0.08041884634 0.7449181322
0.1072215464 0.7449489902
0.1340211445 0.7449889572
0.1608168257 0.7450382524
0.1876077484 0.7450971437
0.2143930389 0.7451659473
0.2411717855 0.7452450279
0.2679430333 0.7453347975
0.2947057778 0.7454357155
0.3214589588 0.7455482871
0.348201455 0.7456730623
0.3749320774 0.7458106343
0.4016495628 0.7459616369
0.4283525684 0.7461267415
0.4550396655 0.7463066543
0.4817093332 0.746502111
0.5083599536 0.7467138721
0.5349898064 0.7469427169
0.5615970646 0.7471894358
0.5881797907 0.7474548223
0.6147359341 0.7477396639
0.64126333 0.7480447316
0.6677596988 0.7483707684
0.6942226485 0.7487184774
0.7206496777 0.7490885086
0.7470381816 0.7494814458
0.7733854597 0.7498977925
0.7996887257 0.7503379587
0.8259451207 0.7508022474
0.8521517273 0.7512908428
0.8783055873 0.7518037985
0.9044037199 0.752341028
0.9304431428 0.7529022976
0.9564208941 0.7534872199
0.9823340543 0.7540952511
1.00817977 0.7547256901
1.033955276 0.7553776798
1.059657918 0.7560502114
1.085285173 0.7567421298
1.110834669 0.757452142
1.136304203 0.7581788257
1.161691756 0.7589206402
1.186995509 0.7596759372
1.212213851 0.7604429721
1.237345389 0.7612199153
1.26238896 0.7620048635
1.287343631 0.7627958497
1.312208707 0.763590853
1.336983733 0.7643878077
1.361668498 0.7651846103
1.386263031 0.7659791275
1.410767611 0.7667692014
1.435182758 0.7675526551
1.45950924 0.7683272977
1.483748071 0.769090928
1.507900513 0.7698413393
1.531968074 0.7705763228
1.555952513 0.7712936721
1.579855837 0.7719911879
1.603680304 0.7726666831
1.627428422 0.7733179891
1.651102952 0.7739429626
1.674706906 0.7745394936
1.698243547 0.7751055152
1.721716384 0.7756390137
1.745129175 0.7761380402
1.768485914 0.7766007242
1.791790832 0.7770252867
1.81504838 0.7774100554
1.838263223 0.7777534795
1.861440224 0.7780541451
1.884584428 0.7783107905
1.907701039 0.7785223198
1.930795402 0.7786878167
1.953872975 0.7788065556
1.976939306 0.7788780111
2 0.7789018651
-3.330669074e-16 0.7704142814
0.0267993424 0.7704182676
0.05359787839 0.7704302479
0.08039479634 0.770450288
0.1071892741 0.7704784972
0.133980474 0.7705150285
0.1607675369 0.7705600784
0.1875495775 0.7706138871
0.2143256786 0.7706767376
0.2410948855 0.7707489559
0.2678562007 0.7708309103
0.2946085778 0.7709230105
0.3213509162 0.7710257067
0.3480820555 0.7711394882
0.3748007691 0.7712648818
0.4015057594 0.7714024493
0.4281956515 0.7715527847
0.4548689884 0.7717165113
0.4815242257 0.7718942771
0.5081597267 0.7720867501
0.5347737587 0.772294613
0.5613644889 0.7725185562
0.5879299823 0.7727592707
0.6144681996 0.7730174399
0.6409769964 0.7732937305
0.6674541249 0.7735887822
0.6938972354 0.7739031977
0.7203038808 0.7742375313
0.7466715223 0.7745922771
0.7729975377 0.774967858
0.7992792309 0.7753646138
0.8255138439 0.7757827899
0.851698571 0.7762225275
0.8778305746 0.7766838539
0.9039070022 0.7771666746
0.9299250055 0.7776707667
0.9558817607 0.7781957741
0.9817744881 0.7787412052
1.007600474 0.7793064318
1.03335709 0.7798906901
1.059041815 0.7804930842
1.084652253 0.7811125907
1.110186152 0.7817480652
1.13564142 0.7823982498
1.16101614 0.7830617815
1.186308583 0.7837372019
1.211517221 0.7844229659
1.236640735 0.7851174522
1.261678022 0.7858189719
1.286628204 0.7865257777
1.311490631 0.7872360726
1.336264887 0.7879480173
1.36095079 0.7886597372
1.385548397 0.7893693288
1.410058005 0.7900748657
1.43448015 0.7907744029
1.458815613 0.7914659821
1.483065413 0.7921476355
1.507230816 0.7928173901
1.53131333 0.7934732718
1.555314709 0.7941133094
1.57923695 0.7947355394
1.603082296 0.795338011
1.626853236 0.7959187921
1.650552503 0.7964759753
1.674183073 0.797007686
1.697748163 0.7975120903
1.72125123 0.7979874047
1.744695965 0.7984319062
1.768086286 0.7988439438
1.791426331 0.7992219502
1.81472045 0.7995644548
1.837973191 0.7998700958
1.861189288 0.8001376341
1.88437364 0.800365965
1.907531298 0.8005541307
1.930667442 0.8007013313
1.953787354 0.8008069336
1.976896401 0.8008704799
2 0.8008916929
1.110223025e-16 0.7959425832
0.02679211562 0.7959461761
0.05358338554 0.7959569741
0.08037295882 0.7959750355
0.1071599741 0.796000457
0.1339435544 0.7960333742
0.1607228018 0.7960739611
0.1874967921 0.79612243
0.2142645695 0.7961790314
0.2410251414 0.7962440532
0.2677774726 0.7963178202
0.2945204805 0.7964006938
0.321253029 0.7964930702
0.3479739235 0.7965953797
0.3746819056 0.7967080846
0.4013756476 0.7968316772
0.4280537479 0.7969666773
0.4547147259 0.7971136289
0.4813570175 0.7972730965
0.5079789714 0.797445661
0.5345788455 0.7976319142
0.5611548039 0.7978324533
0.5877049156 0.7980478742
0.6142271528 0.7982787646
0.6407193915 0.7985256957
0.6671794128 0.7987892138
0.693604906 0.7990698312
0.7199934729 0.7993680167
0.7463426336 0.7996841859
0.7726498352 0.8000186911
0.7989124606 0.8003718119
0.8251278405 0.8007437459
0.8512932663 0.8011345998
0.8774060051 0.801544382
0.9034633156 0.8019729954
0.9294624656 0.8024202326
0.9554007504 0.8028857714
0.9812755113 0.8033691729
1.007084155 0.8038698805
1.032824173 0.8043872212
1.058493158 0.8049204076
1.084088826 0.805468542
1.109609029 0.8060306219
1.135051772 0.8066055457
1.160415229 0.8071921199
1.185697751 0.8077890672
1.210897885 0.8083950336
1.236014375 0.809008597
1.261046176 0.8096282751
1.285992459 0.8102525329
1.310852616 0.8108797898
1.335626266 0.8115084268
1.360313256 0.8121367923
1.384913668 0.8127632078
1.409427817 0.8133859735
1.433856255 0.8140033723
1.45819977 0.8146136746
1.482459392 0.8152151424
1.506636387 0.8158060329
1.530732263 0.8163846025
1.554748768 0.8169491113
1.57868789 0.8174978269
1.602551858 0.8180290297
1.626343139 0.8185410179
1.650064441 0.8190321136
1.673718705 0.8195006697
1.697309107 0.819945077
1.720839054 0.8203637728
1.744312175 0.8207552495
1.767732319 0.821118065
1.791103543 0.8214508523
1.814430103 0.8217523303
1.837716444 0.822021315
1.860967185 0.8222567301
1.884187099 0.8224576174
1.907381101 0.8226231472
1.930554225 0.822752627
1.953711604 0.8228455093
1.976858443 0.8229013984
2 0.8229200548
-1.110223025e-16 0.8214643686
0.0267856557 0.8214675506
0.0535704311 0.8214771136
0.08035344074 0.8214931082
0.1071337888 0.821515619
0.1339105638 0.8215447641
0.1606828337 0.8215806952
0.1874496403 0.8216235972
0.2142099943 0.821673688
0.2409628697 0.8217312181
0.2677071991 0.8217964699
0.2944418681 0.8218697569
0.32116571 0.8219514229
0.3478775013 0.8220418404
0.374575956 0.8221414093
0.4012597214 0.8222505549
0.4279273732 0.8223697252
0.4545774111 0.8224993888
0.4812082554 0.8226400305
0.507818243 0.8227921484
0.534405625 0.8229562489
0.5609685644 0.8231328419
0.5875051348 0.8233224348
0.6140133199 0.8235255266
0.6404910147 0.8237426011
0.6669360269 0.8239741192
0.6933460805 0.8242205116
0.7197188205 0.8244821706
0.7460518192 0.8247594418
0.7723425839 0.8250526161
0.7985885662 0.8253619215
0.8247871735 0.8256875153
0.8509357809 0.8260294771
0.8770317455 0.8263878022
0.9030724213 0.8267623962
0.9290551757 0.8271530705
0.9549774059 0.8275595389
0.9808365568 0.8279814159
1.006630139 0.8284182161
1.032355744 0.8288693543
1.058011067 0.8293341484
1.083593916 0.8298118218
1.109102235 0.8303015078
1.134534114 0.830802255
1.159887803 0.8313130325
1.185161728 0.8318327366
1.210354497 0.8323601971
1.235464913 0.8328941843
1.260491982 0.8334334152
1.285434918 0.8339765604
1.310293152 0.8345222498
1.335066334 0.8350690789
1.359754339 0.835615614
1.384357269 0.8361603971
1.408875458 0.8367019506
1.433309471 0.8372387814
1.457660107 0.8377693851
1.481928399 0.8382922497
1.506115618 0.8388058589
1.53022327 0.8393086965
1.554253096 0.8397992494
1.578207077 0.8402760122
1.602087426 0.8407374916
1.625896592 0.8411822108
1.649637257 0.8416087152
1.673312332 0.8420155784
1.696924955 0.8424014084
1.720478486 0.8427648551
1.7439765 0.8431046177
1.767422783 0.8434194534
1.79082132 0.8437081856
1.814176285 0.8439697134
1.837492033 0.8442030202
1.86077308 0.844407183
1.884024093 0.8445813813
1.907249867 0.8447249049
1.930455311 0.8448371617
1.953645427 0.8449176839
1.976825284 0.8449661336
2 0.8449823062
-2.220446049e-16 0.8469803826
0.02677999401 0.8469831384
0.05355907784 0.8469914203
0.08033633618 0.8470052715
0.1071108434 0.8470247644
0.1338816585 0.8470499997
0.1606478198 0.847081107
0.18740834 0.8471182442
0.2141622008 0.847161597
0.240908348 0.8472113791
0.2676456863 0.8472678309
0.2943730743 0.8473312192
0.3210893197 0.8474018363
0.3477931741 0.8474799985
0.3744833287 0.8475660452
0.4011584096 0.8476603366
0.4278169738 0.8477632517
0.4544575051 0.8478751863
0.481078411 0.8479965495
0.5076780194 0.8481277604
0.5342545766 0.8482692448
0.5608062453 0.8484214301
0.5873311044 0.8485847411
0.6138271485 0.8487595943
0.6402922896 0.8489463926
0.666724359 0.8491455187
0.6931211114 0.8493573288
0.7194802293 0.8495821463
0.7457993298 0.8498202544
0.772075972 0.8500718898
0.7983076664 0.8503372359
0.8244918854 0.8506164163
0.8506260753 0.8509094894
0.8767076695 0.8512164425
0.9027341028 0.8515371879
0.9287028263 0.8518715586
0.9546113236 0.8522193065
0.980457127 0.8525801
1.006237834 0.8529535238
1.031951124 0.8533390794
1.057594773 0.8537361866
1.083166673 0.8541441862
1.108664844 0.8545623429
1.134087447 0.8549898499
1.159432801 0.8554258334
1.184699392 0.8558693573
1.209885884 0.8563194293
1.234991131 0.8567750055
1.260014181 0.8572349968
1.284954288 0.8576982736
1.309810916 0.8581636711
1.334583744 0.8586299944
1.35927267 0.8590960232
1.383877818 0.8595605155
1.408399534 0.8600222125
1.432838398 0.8604798413
1.457195215 0.8609321194
1.481471026 0.8613777573
1.505667102 0.8618154622
1.529784947 0.8622439415
1.553826299 0.8626619054
1.577793128 0.8630680717
1.601687636 0.8634611687
1.625512253 0.86383994
1.649269638 0.8642031488
1.672962676 0.8645495834
1.696594469 0.8648780627
1.720168336 0.8651874421
1.743687807 0.8654766199
1.76715661 0.8657445449
1.790578669 0.8659902228
1.813958087 0.8662127243
1.837299139 0.8664111921
1.860606256 0.8665848488
1.88388401 0.8667330037
1.907137098 0.8668550594
1.930370321 0.8669505185
1.953588568 0.8670189879
1.976796795 0.867060184
2 0.8670739352
-1.110223025e-16 0.8724913984
0.02677515768 0.8724937148
0.05354937997 0.8725006762
0.08032172638 0.8725123185
0.1070912462 0.8725287017
0.1338569734 0.8725499097
0.1606179215 0.87257605
0.1873730787 0.8726072536
0.2141214024 0.8726436746
0.2408618148 0.8726854902
0.2675931972 0.8727328997
0.294314386 0.8727861239
0.3210241671 0.8728454047
0.3477212719 0.8729110036
0.3744043727 0.8729832008
0.4010720783 0.8730622934
0.4277229305 0.8731485939
0.4543554003 0.8732424277
0.4809678851 0.8733441312
0.5075587059 0.8734540483
0.5341261055 0.8735725277
0.5606682475 0.8736999191
0.5871832155 0.8738365692
0.6136690142 0.8739828175
0.6401235703 0.8741389912
0.6665447357 0.8743054009
0.6929302911 0.8744823344
0.7192779509 0.8746700522
0.7455853699 0.8748687814
0.7718501507 0.8750787106
0.7980698529 0.8752999843
0.8242420034 0.8755326978
0.8503641075 0.8757768929
0.8764336619 0.8760325532
0.9024481683 0.8762996008
0.9284051473 0.8765778933
0.9543021539 0.8768672215
0.9801367927 0.8771673083
1.005906734 0.8774778085
1.031609727 0.8777983083
1.05724362 0.8781283276
1.082806371 0.8784673212
1.108296063 0.8788146816
1.133710919 0.8791697424
1.159049313 0.8795317821
1.184309784 0.8799000275
1.209491041 0.8802736589
1.234591981 0.8806518137
1.259611691 0.8810335914
1.284549457 0.8814180576
1.309404771 0.8818042483
1.334177338 0.8821911742
1.358867075 0.8825778243
1.383474123 0.8829631692
1.407998844 0.8833461652
1.432441826 0.8837257568
1.456803882 0.8841008799
1.481086057 0.884470465
1.505289624 0.8848334396
1.529416085 0.8851887314
1.553467175 0.8855352711
1.577444854 0.8858719956
1.601351313 0.8861978513
1.625188967 0.8865117977
1.648960456 0.8868128115
1.672668638 0.8870998907
1.696316587 0.8873720591
1.719907589 0.8876283718
1.743445129 0.8878679203
1.766932891 0.8880898379
1.790374744 0.8882933062
1.813774733 0.8884775604
1.837137065 0.888641896
1.8604661 0.8887856744
1.883766331 0.8889083287
1.90704237 0.8890093691
1.930298932 0.8890883876
1.953540811 0.8891450623
1.976772867 0.8891791609
2 0.8891905427
0 0.8979982126
0.0267711696 0.8980000788
0.05354138323 0.898005687
0.08030967988 0.8980150659
0.1070750883 0.8980282635
0.1338366222 0.8980453465
0.1605932749 0.8980664007
0.1873440145 0.8980915307
0.2140877789 0.8981208592
0.2408234709 0.8981545273
0.2675499531 0.8981926938
0.2942660437 0.8982355343
0.3209705114 0.8982832412
0.3476620712 0.8983360223
0.3743393802 0.8983941
0.4010010335 0.8984577101
0.4276455611 0.8985271
0.4542714237 0.8986025276
0.4808770109 0.8986842586
0.5074606387 0.8987725648
0.5340205476 0.8988677213
0.5605549021 0.8989700035
0.5870617904 0.899079684
0.6135392257 0.8991970294
0.6399851472 0.8993222963
0.6663974237 0.8994557272
0.6927738574 0.8995975471
0.7191121888 0.8997479582
0.7454101035 0.8999071367
0.7716652395 0.9000752278
0.797875196 0.9002523417
0.8240375438 0.9004385499
0.8501498361 0.9006338813
0.8762096205 0.9008383191
0.9022144524 0.901051798
0.9281619083 0.9012742017
0.9540496007 0.9015053615
0.9798751921 0.9017450554
1.005636411 0.9019930074
1.031331064 0.9022488878
1.056957057 0.9025123143
1.082512399 0.9027828536
1.107995228 0.9030600231
1.133403814 0.9033432934
1.158736577 0.9036320914
1.183992097 0.9039258032
1.209169124 0.9042237774
1.234266588 0.9045253288
1.259283606 0.9048297416
1.284219493 0.9051362726
1.309073763 0.9054441552
1.333846141 0.9057526019
1.358536564 0.9060608078
1.383145185 0.9063679533
1.407672377 0.9066732067
1.432118736 0.9069757272
1.456485084 0.9072746667
1.480772468 0.9075691727
1.504982162 0.9078583906
1.529115667 0.9081414659
1.553174713 0.9084175467
1.577161255 0.9086857861
1.601077472 0.9089453455
1.624925767 0.9091953966
1.648708764 0.9094351256
1.672429299 0.9096637358
1.696090424 0.9098804518
1.719695392 0.9100845235
1.743247658 0.9102752299
1.766750866 0.910451884
1.79020884 0.9106138375
1.813625578 0.9107604848
1.837005233 0.9108912687
1.860352105 0.9110056841
1.883670624 0.9111032832
1.906965334 0.911183679
1.930240878 0.9112465496
1.953501975 0.911291641
1.976753409 0.9113187697
2 0.9113278249
7.771561172e-16 0.9235016419
0.02676804845 0.9235030491
0.05353512497 0.9235072781
0.08030025258 0.9235143502
0.1070624442 0.9235243013
0.1338206978 0.9235371815
0.1605739909 0.9235530549
0.1873212762 0.9235719996
0.2140614765 0.9235941075
0.2407934795 0.9236194841
0.2675161337 0.9236482479
0.294228243 0.9236805302
0.3209285629 0.9237164744
0.347615796 0.9237562356
0.3742885877 0.9237999797
0.4009455229 0.9238478822
0.4275851221 0.9239001274
0.4542058389 0.923956907
0.480806057 0.9240184186
0.5073840886 0.924084864
0.5339381727 0.9241564471
0.5604664749 0.924233372
0.5869670874 0.9243158405
0.6134380299 0.9244040497
0.6398772517 0.9244981887
0.666282635 0.9245984364
0.6926519986 0.9247049581
0.7189831035 0.9248179023
0.7452736589 0.9249373976
0.7715213303 0.9250635498
0.7977237477 0.9251964386
0.8238785156 0.9253361148
0.8499832237 0.9254825974
0.8760354589 0.9256358718
0.9020328179 0.9257958871
0.9279729201 0.925962555
0.9538534217 0.9261357481
0.9796720301 0.9263152995
1.005426518 0.9265010026
1.031114737 0.9266926106
1.056734634 0.9268898382
1.082284263 0.9270923616
1.107761799 0.927299821
1.133165551 0.9275118214
1.158493974 0.9277279354
1.18374568 0.9279477051
1.208919449 0.9281706448
1.234014238 0.928396243
1.259029189 0.9286239656
1.283963635 0.928853258
1.308817113 0.9290835475
1.333589361 0.929314246
1.358280331 0.9295447521
1.382890185 0.9297744533
1.407419308 0.9300027278
1.431868301 0.9302289471
1.45623799 0.930452477
1.480529426 0.9306726801
1.504743884 0.9308889173
1.528882864 0.9311005497
1.552948091 0.9313069404
1.576941516 0.9315074567
1.60086531 0.9317014716
1.624721866 0.9318883668
1.648513794 0.9320675344
1.672243914 0.9322383801
1.695915258 0.9324003253
1.719531057 0.9325528107
1.74309474 0.9326952993
1.76660992 0.9328272792
1.790080388 0.932948268
1.813510102 0.9330578151
1.836903175 0.9331555061
1.860263861 0.9332409657
1.883596541 0.9333138612
1.906905706 0.9333739053
1.930195944 0.9334208589
1.953471918 0.9334545336
1.976738349 0.9334747932
2 0.9334815555
8.881784197e-16 0.9490025188
0.02676580872 0.9490034605
0.05353063413 0.9490062907
0.08029348789 0.9490110234
0.1070533716 0.9490176827
0.1338092719 0.9490263018
0.1605601553 0.9490369234
0.1873049636 0.9490495994
0.2140426084 0.9490643911
0.2407719672 0.9490813684
0.267491878 0.9491006103
0.294201135 0.9491222039
0.3208984842 0.9491462446
0.3475826194 0.9491728354
0.3742521779 0.9492020863
0.4009057372 0.9492341137
0.4275418115 0.94926904
0.4541588491 0.9493069921
0.4807552298 0.9493481009
0.5073292632 0.9493924999
0.5338791876 0.9494403241
0.5604031694 0.9494917083
0.5868993037 0.9495467856
0.613365615 0.9496056862
0.63980006 0.9496685346
0.6662005305 0.9497354487
0.6925648572 0.949806537
0.7188908157 0.9498818969
0.7451761322 0.9499616128
0.7714184916 0.9500457534
0.7976155456 0.9501343707
0.8237649227 0.9502274969
0.8498642387 0.9503251439
0.8759111082 0.9504273006
0.9019031568 0.9505339325
0.9278380345 0.95064498
0.9537134285 0.9507603578
0.9795270776 0.9508799546
1.005276786 0.9510036325
1.030960437 0.9511312276
1.056576007 0.9512625499
1.082121581 0.9513973846
1.10759536 0.9515354925
1.132995682 0.9516766113
1.158321026 0.9518204573
1.183570027 0.9519667263
1.208741486 0.9521150958
1.23383438 0.9522652261
1.258847867 0.9524167624
1.283781298 0.952569336
1.30863422 0.9527225666
1.333406384 0.9528760631
1.358097751 0.9530294257
1.382708493 0.953182247
1.407238999 0.9533341137
1.431689876 0.9534846074
1.456061954 0.9536333066
1.480356285 0.953779787
1.504574145 0.9539236236
1.528717033 0.9540643915
1.552786672 0.9542016669
1.576785008 0.9543350291
1.600714208 0.9544640614
1.624576656 0.9545883526
1.648374951 0.954707499
1.672111905 0.9548211054
1.695790534 0.9549287879
1.719414053 0.9550301752
1.742985871 0.9551249107
1.76650958 0.9552126551
1.789988947 0.9552930884
1.813427903 0.955365912
1.836830531 0.9554308512
1.860201052 0.9554876575
1.883543813 0.9555361106
1.906863268 0.9555760202
1.930163965 0.9556072282
1.953450526 0.9556296098
1.976727632 0.9556430751
2 0.9556475696
3.330669074e-16 0.9745016874
0.02676446076 0.9745021594
0.05352793138 0.9745035777
0.08028941672 0.9745059495
0.1070479116 0.9745092867
0.1338023959 0.9745136059
0.1605518296 0.9745189285
0.1872951476 0.9745252804
0.2140312554 0.9745326921
0.2407590239 0.9745411986
0.2674772851 0.9745508393
0.2941848273 0.9745616577
0.320880391 0.9745737014
0.3475626645 0.9745870217
0.3742302804 0.9746016735
0.4008818118 0.974617715
0.4275157693 0.9746352068
0.454130598 0.9746542125
0.4807246754 0.9746747971
0.5072963097 0.9746970272
0.5338437386 0.9747209697
0.5603651292 0.9747466919
0.5868585783 0.97477426
0.6133221136 0.9748037384
0.6397536961 0.9748351892
0.6661512232 0.9748686708
0.6925125331 0.9749042369
0.7188354098 0.9749419358
0.74511759 0.9749818093
0.7713567701 0.9750238912
0.7975506147 0.9750682071
0.8236967668 0.9751147727
0.8497928575 0.9751635937
0.8758365181 0.9752146641
0.9018253915 0.9752679665
0.9277571457 0.9753234708
0.9536294865 0.9753811345
0.9794401714 0.9754409016
1.005187023 0.9755027034
1.030867944 0.9755664579
1.056480929 0.9756320703
1.082024079 0.9756994335
1.107495615 0.975768428
1.132893887 0.9758389231
1.158217392 0.9759107772
1.183464778 0.9759838386
1.208634859 0.9760579464
1.233726622 0.9761329312
1.258739237 0.9762086158
1.283672062 0.9762848164
1.308524655 0.976361343
1.333296773 0.9764380007
1.357988381 0.9765145896
1.382599658 0.9765909066
1.407130995 0.9766667451
1.431583004 0.9767418963
1.455956516 0.9768161498
1.480252584 0.9768892936
1.504472485 0.9769611156
1.528617717 0.9770314035
1.552690001 0.9770999458
1.576691282 0.9771665324
1.600623722 0.9772309554
1.624489702 0.9772930095
1.648291814 0.9773524932
1.672032863 0.9774092094
1.695715857 0.9774629665
1.719344001 0.9775135794
1.742920692 0.9775608703
1.766449509 0.97760467
1.789934206 0.9776448191
1.813378697 0.9776811687
1.836787046 0.9777135821
1.860163456 0.9777419353
1.883512252 0.9777661188
1.906837866 0.9777860379
1.930144824 0.9778016136
1.953437722 0.9778127841
1.976721217 0.9778195044
2 0.9778217475
1.976196984e-14 1
0.02676401074 1
0.05352702908 1
0.0802880576 1
0.1070460889 1
0.1338001005 1
0.1605490502 1
0.1872918709 1
0.2140274657 1
0.2407547035 1
0.2674724143 1
0.2941793843 1
0.3208743522 1
0.3475560047 1
0.3742229726 1
0.4008738278 1
0.4275070793 1
0.4541211715 1
0.480714481 1
0.5072853155 1
0.5338319126 1
0.5603524397 1
0.586844994 1
0.6133076044 1
0.6397382333 1
0.66613478 1
0.6924950852 1
0.7188169357 1
0.7450980717 1
0.7713361932 1
0.7975289695 1
0.8236740482 1
0.8497690655 1
0.8758116581 1
0.9017994749 1
0.9277301898 1
0.9536015148 1
0.9794112135 1
1.005157115 1
1.030837128 1
1.056449253 1
1.081991597 1
1.107462386 1
1.132859977 1
1.15818287 1
1.183429719 1
1.208599341 1
1.233690728 1
1.258703053 1
1.283635678 1
1.308488162 1
1.333260265 1
1.357951954 1
1.382563409 1
1.407095024 1
1.43154741 1
1.4559214 1
1.480218048 1
1.504438629 1
1.528584642 1
1.552657808 1
1.57666007 1
1.60059359 1
1.624460746 1
1.64826413 1
1.672006543 1
1.695690991 1
1.719320675 1
1.742898989 1
1.766429508 1
1.78991598 1
1.813362314 1
1.836772568 1
1.860150939 1
1.883501744 1
1.906829409 1
1.930138451 1
1.95343346 1
1.976719081 1
2 1
